              precision    recall  f1-score   support

        一般受傷     0.8689    0.9302    0.8985      2507
          上吊     0.9000    1.0000    0.9474         9
          其它     0.5065    0.5318    0.5188       220
          割腕     0.9091    0.8511    0.8791        47
        吞食藥物     0.8654    0.9184    0.8911        98
         墜落傷     0.8750    0.9655    0.9180        29
        孕婦待產     0.8750    0.9722    0.9211        36
          急病     0.9851    0.9606    0.9727     13110
        打架受傷     0.6548    0.7971    0.7190        69
          燒炭     0.7059    0.9231    0.8000        13
         燒燙傷     0.8235    0.9333    0.8750        15
        精神異常     0.8278    0.9576    0.8880       236
          路倒     0.7935    0.9283    0.8557       265
          車禍     0.9789    0.9851    0.9820      3771

    accuracy                         0.9553     20425
   macro avg     0.8264    0.9039    0.8619     20425
weighted avg     0.9577    0.9553    0.9561     20425
